01.png -0,310900 0,001574
02.png -0,253856 0,009836
03.png -0,280303 0,004206
04.png -0,305179 0,001891
05.png -0,284582 0,003665
06.png -0,232865 0,019306
07.png -0,224876 0,024954
08.png -0,261793 0,007622
09.png -0,208395 0,042374
10.png -0,208175 0,042674
11.png -0,384466 0,000148
12.png -0,199599 0,056212
13.png -0,281279 0,004076
15.png -0,229931 0,021214
16.png -0,258700 0,008419
17.png -0,280741 0,004147
18.png -0,208643 0,042037
19.png -0,181954 0,099086
20.png -0,259967 0,008083
21.png -0,181905 0,099241
22.png -0,245503 0,012864
23.png -0,280482 0,004182
24.png -0,268112 0,006222
25.png -0,259825 0,008120
26.png -0,273846 0,005175
